lambdas	betas	sigmaBeta	confidence interval0.0001	3.5185508573404385	0.22794147632350525	3.062667904693428	3.974433809987449
	1.991308153204285	0.24100063581884065	1.5093068815666035	2.473309424841966
	9.609327844946845	1.014856599245571	7.5796146464557035	11.639041043437988
	-11.417304634357185	0.9971660711213163	-13.411636776599817	-9.422972492114553
	-1.9180910863469287	1.224238746431086	-4.366568579209101	0.5303864065152433
	-53.54713846019429	2.4389670343343264	-58.42507252886294	-48.66920439152564
	-11.96217337917991	2.264480109311072	-16.491133597802055	-7.4332131605577665
	14.581024512386943	2.7708954052598123	9.039233701867317	20.12281532290657
	-6.782389005166605	2.881233371339898	-12.544855747846402	-1.0199222624868094
	52.1786655847857	3.200197564673516	45.778270455438665	58.57906071413273
	70.97742094086848	2.7700497482857287	65.43732144429703	76.51752043743994
	-2.452234070039913	3.818867906104444	-10.0899698822488	5.1855017421689755
	-2.2907515360238007	3.7879845627233264	-9.866720661470453	5.285217589422852
	11.011077454703324	3.124409597172202	4.76225826035892	17.25989664904773
	3.930743752176307	2.234155496865042	-0.5375672415537767	8.39905474590639
	-45.46189709685308	3.1011061950610808	-51.66410948697524	-39.259684706730916
	-30.171899466887517	3.860496079178607	-37.89289162524473	-22.450907308530304
	11.923076184374619	3.034438479327469	5.854199225719681	17.991953143029555
	-6.138211842415723	1.9838511868989919	-10.105914216213707	-2.1705094686177393
	-4.073489436470779	1.2643304449150021	-6.602150326300784	-1.5448285466407747
	
